Genotype	Block	MeanLS	MedianLS	LogMAlpha	MBeta	Makeham	LogMiu45	LogMiu60	Surv45	Surv50	Surv60	Surv69	RepOutput_Day08	RepOutput_Day12	Week1	Week2	Week3	Week4	Week5	Week6	Intercept	InterceptAt3	InterceptAt5	Slope
Ral_101	Block1	74.0554976507648	75.9658333333333	-19.496553545651	0.22927	0.00071	-7.11460475971294	-5.54073754676188	0.958168456755229	0.958168456755229	0.949689089881289	0.881854154889768	1.0757788109118	0.909991552089616	0.367697559085202	0.197381876114001	0.13721301213162	0.21034140526494	NA	NA	NA	NA	NA	NA
Ral_136	Block2	82.7210295067489	83.8283333333333	-14.915123346966	0.15098	2.06e-09	-8.12101641619827	-5.85632262712596	1	1	0.991379310344828	0.939576083517874	0.891026353319861	0.759168929063457	0.514605326055847	0.399493303754345	0.700839149554732	0.629850397532959	0.513367763374983	0.428530821298915	0.98818046145684	0.708158175779211	0.521476651994126	-0.0933407618925428
Ral_138	Block2	46.2761111111111	47.64875	-16.5581522038361	0.31899	0.00058	-2.19836255719497	2.58129168931781	0.764227642276423	0.124602332979852	0	0	0.679062723119533	0.50676256603929	0.219662269379955	0.234639596642478	0.0561867777286939	0.0260582005237576	0.00606841408730561	0.00137267850162456	0.105415955563292	0.0500863303279944	0.0131999135044624	-0.018443208411766
Ral_208	Block2	59.3438060404223	59.7133333333333	-17.0778159407598	0.25099	0.00082	-5.54712640128878	-2.01226326489723	0.927083333333333	0.916548295454545	0.431936553030303	0	1.28755490843029	1.73616008040467	0.553304517065963	0.660652496889121	0.591895918058668	0.589835420063541	0.402710787195649	0.229236894893722	1.02721552111612	0.644685010407304	0.389664669934758	-0.127510170236273
Ral_228	Block2	64.9387151795155	65.9479166666667	-10.8197782844103	0.12792	2.06e-09	-5.0633779586753	-3.14457823659792	0.91869918699187	0.910569105691057	0.746624897441635	0.352704250194148	1.20343382031406	1.04981325865477	0.265344545506546	0.385483677825912	0.45609650068271	0.341624862916042	0.378752850015948	0.183978512086251	0.690764871835499	0.456997078228658	0.301151882490764	-0.077922597868947
Ral_26	Block1	37.3793252680718	39.9545833333333	-7.82404601085629	0.14319	2.06e-09	-1.38049600266393	0.767353990100042	0.137984341693727	0.0394240976267791	0	0	0.775241059314612	0.167943666794225	0.704493830642051	0.442231812210498	0.531416434486066	0.239169535877988	0.152282207034995	0.0187675620397177	0.966584210641608	0.479134026786997	0.15416723755059	-0.162483394618204
Ral_320	Block2	77.7104339394998	77.8504166666667	-16.0982930236621	0.17675	0.00013	-7.77450544128691	-5.46218462996899	0.991935483870968	0.991935483870968	0.967543627710206	0.902012230674314	1.10189112952133	1.19174312483645	0.493171776828736	0.542483735006208	0.586618177834242	0.477745320324257	0.410857318748779	0.284233592562595	0.878182393193156	0.585969865976031	0.391161514497947	-0.0974041757390418
Ral_355	Block2	54.6480319652643	53.6608333333333	-13.0688226104763	0.19991	2.06e-09	-4.07287248950195	-1.0742226044452	0.964912280701754	0.798245614035088	0.0939631477145474	0	0.755261033151402	0.563511787392321	0.406413330134858	0.496888979283669	0.405581916761008	0.303635570081798	0.194630236359336	0.0620557922870552	0.754288547087243	0.412413434943947	0.184496693515083	-0.113958370714432
Ral_362	Block2	74.7064704804139	75.60125	-11.5129254649702	0.11469	0.00018	-6.25362222642428	-4.61321345622034	0.983934959349593	0.959539877712827	0.910749714439293	0.715589061345159	0.782392202774706	0.688158941404683	0.478378258741542	0.676681635567852	0.748711266002358	0.809959558899305	0.60743342183689	0.444689735990675	1.15426432287617	0.819887104746926	0.596968959327434	-0.111459072709746
Ral_38	Block1	67.8844848952091	69.9120833333333	-16.1081453201052	0.20151	5e-04	-6.58860691366001	-3.99014197262635	0.974621253460062	0.956979956286101	0.903558799538292	0.510247209042208	0.499738667888067	0.69640960710534	0.702823848951428	0.390285259500661	0.413957186397469	0.476389227543176	NA	NA	NA	NA	NA	NA
Ral_385	Block1	46.2910980625071	45.9654166666667	-13.7957079306681	0.25622	0.00022	-2.26368961589613	1.57753749660998	0.635638870932989	0.175175470194627	0	0	1.61777408422258	1.22941599154473	0.599176160920956	0.259582311767869	0.214819866776266	0.351285952622409	NA	NA	NA	NA	NA	NA
Ral_405	Block2	54.9121047609344	55.9529166666667	-12.007221786785	0.17505	4e-04	-4.10540555536268	-1.5024231453899	0.935544715447154	0.725853658536585	0.179424499862976	0.00878301747581002	0.622138025379716	0.395234048488835	0.464864408329165	0.405475218508269	0.511666569647574	0.352459843755888	0.104820559659554	0.0125890390528308	1.03057634717521	0.507114784411046	0.158140409234934	-0.174487187588056
Ral_426	Block1	53.9536990914539	53.9129166666667	-11.6980509490969	0.17493	2.06e-09	-3.8262008545679	-1.20225094224206	0.937165142734681	0.719224081587222	0.186597535358056	0	0.369352882761646	0.454874766188368	0.322354001497612	0.166104718807733	0.27667979845218	0.134693503310106	0.19323997208804	0.191432630329198	0.287749242060836	0.228590731383533	0.189151724265331	-0.0197195035591012
Ral_440	Block1	52.9306143937652	53.9129166666667	-8.94797610750869	0.1205	3e-05	-3.52445752814348	-1.71780892436231	0.777129072148229	0.585015824647471	0.263980556177928	0.0879935187259759	1.30888487534236	1.32974768331325	0.574783280806276	0.438400361662039	0.535212869135184	0.255628377636068	0.194907400112641	0.173325151233655	0.805641308581993	0.461726069213589	0.232449242967987	-0.114638413122801
Ral_441	Block1	72.364967407059	73.9070833333333	-15.9192447922132	0.18801	2e-04	-7.16090662546459	-4.61817491335953	0.991228070175439	0.982050032488629	0.944441463691591	0.775844675075141	0.982065150365432	0.934008832682264	0.648131522406346	0.620634518460665	0.5650446184248	0.358072298085086	0.303740151531822	0.223663577999411	0.847944032033523	0.524401451684694	0.308706398118808	-0.107847526782943
Ral_443	Block1	68.8734669720675	69.9120833333333	-18.0770910395623	0.23065	0.00029	-7.20373047793183	-4.21820028908985	0.983401625112855	0.983401625112855	0.956823202812508	0.567647657670523	1.23390340804472	0.592267450338372	0.580221162449584	0.422767215948183	0.468893169890557	0.289919816185649	0.285069395679315	0.2070361557563	0.668419292687053	0.431292853814321	0.2732085612325	-0.0790421462909107
Ral_502	Block1	68.6804362217065	69.9120833333333	-13.2907820290293	0.15277	0.00097	-5.95033487683695	-4.0663256709517	0.944288672105718	0.93484578538466	0.886231811746248	0.706011827889472	1.35212204272142	1.1300251493475	0.664344356766111	0.58773487090045	0.656453789886803	0.393357398163332	0.416934103560351	0.290112897076119	0.923165235037416	0.600531443126906	0.385442248519899	-0.107544597303503
Ral_703	Block1	42.2643773148148	41.87125	-10.1266311038503	0.18992	2.06e-09	-1.58023109384682	1.268568896729	0.296296296296296	0.103703703703704	0	0	1.45989859959178	1.03038592680412	0.719660969387212	0.60311537609549	0.509859476634587	0.242856323534961	0.132371256112176	0.123694598792756	0.823236279195345	0.442542368910862	0.188746428721206	-0.126897970094828
Ral_796	Block2	41.5812811074478	41.8179166666667	-18.7659919292408	0.4151	0.00024	-0.0862302812573315	6.14000858793658	0.132566147247653	0	0	0	1.56549735758004	1.32696392218551	0.555511318086616	0.572954289761886	0.523526489283756	0.234015412750122	0.0476370454472094	0.0472334593608534	0.939968957392714	0.455391720271228	0.132340228856904	-0.161525745707162
Ral_93	Block1	39.4895546510038	41.87125	-19.018517744708	0.41931	0.0039	-0.145048775293247	6.14009065876755	0.0803327447428684	0	0	0	1.41625089750781	1.25081239716143	0.625885652564121	0.438487623925102	0.339267299070841	0.0777984167626263	0.0318626749653418	0.0162454705281257	0.573044017673177	0.268543649445548	0.0655434039604622	-0.101500122742543
